[gd_scene load_steps=4 format=2]

[ext_resource path="res://Codes/StabbyStateMachine.gd" type="Script" id=1]
[ext_resource path="res://Models/EnemyStabby.glb" type="PackedScene" id=2]

[sub_resource type="BoxShape" id=51]
extents = Vector3( 2.90913, 1, 7.28757 )

[node name="EnemyStabby" instance=ExtResource( 2 )]
transform = Transform( 0.2, 0, 0, 0, 0.2, 0, 0, 0, 0.2, 0, 0, 0 )
script = ExtResource( 1 )

[node name="Waist Bone (Central)" parent="Armature" index="0"]
transform = Transform( 1, 0, 0, 0, 1, 5.96046e-08, 0, -5.96046e-08, 1, 0, 1.62864, 0 )

[node name="Abdomen (Upper)" parent="Armature/Waist Bone (Central)" index="0"]
transform = Transform( 1, 0, 0, 0, 0.934382, -0.356272, 0, 0.356272, 0.934382, 0, 0.416896, 0 )

[node name="Torso2" parent="Armature/Waist Bone (Central)/Abdomen (Upper)" index="0"]
transform = Transform( 1, 3.55271e-15, 2.38419e-07, -1.48231e-21, 1, -1.49012e-08, -2.38419e-07, 1.49012e-08, 1, -1.42109e-14, 0.419716, 3.38813e-21 )

[node name="Neck" parent="Armature/Waist Bone (Central)/Abdomen (Upper)/Torso2" index="0"]
transform = Transform( 1, 3.55271e-15, 1.42109e-14, -3.55271e-15, 1, 2.52436e-29, -1.42109e-14, -7.57306e-29, 1, 1.42109e-14, 1.37641, -4.03897e-28 )

[node name="Head" parent="Armature/Waist Bone (Central)/Abdomen (Upper)/Torso2/Neck" index="0"]
transform = Transform( 1, -5.1566e-08, 5.64324e-09, 5.1566e-08, 0.976331, -0.216284, 5.64321e-09, 0.216284, 0.976331, 4.0716e-14, 0.218766, -5.1566e-08 )

[node name="Left Bicep2" parent="Armature/Waist Bone (Central)/Abdomen (Upper)/Torso2" index="1"]
transform = Transform( -0.947302, 0.320348, 8.60542e-07, -0.30294, -0.89582, -0.325169, -0.104167, -0.308032, 0.945656, 0.610617, 1.18825, 0.0597477 )

[node name="Left Forearm2" parent="Armature/Waist Bone (Central)/Abdomen (Upper)/Torso2/Left Bicep2" index="0"]
transform = Transform( 0.949427, 0.299628, -0.0938704, -0.31397, 0.902808, -0.293871, -0.0033049, 0.308482, 0.951225, -1.57551e-07, 1.10002, 1.52157e-07 )

[node name="Left Hand2" parent="Armature/Waist Bone (Central)/Abdomen (Upper)/Torso2/Left Bicep2/Left Forearm2" index="0"]
transform = Transform( 0.999972, 0.000979648, -0.00742798, -0.00537678, 0.784266, -0.620401, 0.00521774, 0.620424, 0.784249, -4.45439e-08, 0.886493, -7.56576e-08 )

[node name="Right Bicep2" parent="Armature/Waist Bone (Central)/Abdomen (Upper)/Torso2" index="2"]
transform = Transform( -0.936195, -0.35148, 1.01328e-06, 0.28568, -0.76093, 0.582557, -0.204757, 0.545388, 0.812789, -0.577351, 1.18825, 0.0597476 )

[node name="Right Forearm2" parent="Armature/Waist Bone (Central)/Abdomen (Upper)/Torso2/Right Bicep2" index="0"]
transform = Transform( 0.939673, -0.248399, 0.235186, 0.341719, 0.712923, -0.612347, -0.0155632, 0.655774, 0.754797, -2.10337e-07, 1.12173, 4.95316e-08 )

[node name="Right Hand2" parent="Armature/Waist Bone (Central)/Abdomen (Upper)/Torso2/Right Bicep2/Right Forearm2" index="0"]
transform = Transform( 0.999825, -0.0184965, 0.00271633, 0.018027, 0.915384, -0.402179, 0.00495242, 0.402157, 0.915557, -9.61e-08, 0.878599, 2.2573e-07 )

[node name="Left Quad (Lower Left)" parent="Armature/Waist Bone (Central)" index="1"]
transform = Transform( -0.992674, 0.120448, -0.00969795, -0.0123782, -0.0215237, 0.999692, 0.120202, 0.992486, 0.0228568, 0.277991, -0.275436, -0.00243448 )

[node name="Left Shin2" parent="Armature/Waist Bone (Central)/Left Quad (Lower Left)" index="0"]
transform = Transform( 0.992656, -0.010746, 0.120493, -0.120854, -0.13199, 0.983856, 0.00533142, -0.991193, -0.132319, -3.22844e-08, 1.08976, 1.17499e-08 )

[node name="Left Foot2" parent="Armature/Waist Bone (Central)/Left Quad (Lower Left)/Left Shin2" index="0"]
transform = Transform( 0.999703, 0.0109263, -0.0217925, -0.0242766, 0.364684, -0.930815, -0.002223, 0.931067, 0.364841, 6.5229e-10, 1.24795, 1.06136e-07 )

[node name="Right Quad (Lower Right)" parent="Armature/Waist Bone (Central)" index="2"]
transform = Transform( -0.992658, -0.120448, -0.00969827, 0.110814, -0.875407, -0.470509, 0.0481813, -0.468139, 0.882335, -0.297674, -0.275436, -0.00243449 )

[node name="Right Shin2" parent="Armature/Waist Bone (Central)/Right Quad (Lower Right)" index="0"]
transform = Transform( 0.993131, -0.104536, -0.0525748, 0.116451, 0.926926, 0.356717, 0.0114434, -0.360389, 0.932732, -5.50836e-08, 1.08976, -5.76364e-08 )

[node name="Right Foot2" parent="Armature/Waist Bone (Central)/Right Quad (Lower Right)/Right Shin2" index="0"]
transform = Transform( 0.999847, -0.0108639, -0.0137319, -0.00785345, 0.422694, -0.906238, 0.0156497, 0.906207, 0.422544, -2.23075e-08, 1.24795, -3.62208e-08 )

[node name="RayCast" type="RayCast" parent="." index="1"]
transform = Transform( 1, 0, 0, 0, 1, 0, 0, 0, 1, 0, 4.58402, 0 )
enabled = true
cast_to = Vector3( 0, 0, 6.5 )

[node name="SightRange" type="Area" parent="." index="2"]
transform = Transform( 1, 0, 0, 0, 1, 0, 0, 0, 1, 0, 4.47585, 0 )

[node name="CollisionShape" type="CollisionShape" parent="SightRange" index="0"]
transform = Transform( 1, 0, 0, 0, 1, 0, 0, 0, 1, 0, 0, 4.53719 )
shape = SubResource( 51 )

[node name="Eyes" type="Spatial" parent="." index="3"]

[node name="StabTimer" type="Timer" parent="." index="4"]

[node name="Cube2" parent="." index="5"]
transform = Transform( 0.119594, -3.51323e-09, -3.15458e-08, 2.85135e-08, 0.0147355, 0.132313, -2.5493e-15, -0.234031, 0.00833095, 0.00563605, 0.0894466, 0.0780967 )
mesh = null

[node name="Cube0012" parent="." index="6"]
mesh = null

[connection signal="body_entered" from="SightRange" to="." method="_on_SightRange_body_entered"]
[connection signal="body_exited" from="SightRange" to="." method="_on_SightRange_body_exited"]
[connection signal="timeout" from="StabTimer" to="." method="_on_StabTimer_timeout"]
