[gd_scene load_steps=4 format=2]

[ext_resource path="res://Codes/StabbyStateMachine.gd" type="Script" id=1]
[ext_resource path="res://Models/EnemyStabby.glb" type="PackedScene" id=2]

[sub_resource type="BoxShape" id=1]
extents = Vector3( 2.90913, 1, 7.28757 )

[node name="EnemyStabby" groups=[
"Enemy",
] instance=ExtResource( 2 )]
transform = Transform( 0.2, 0, 0, 0, 0.2, 0, 0, 0, 0.2, 0, 0, 0 )
script = ExtResource( 1 )

[node name="Waist Bone (Central)" parent="Armature" index="0"]
transform = Transform( 0.999858, 0.000378043, 0.0168427, 0.000377983, 0.998993, -0.0448617, -0.0168427, 0.0448617, 0.998851, -0.000932147, 1.70305, 0.000232364 )

[node name="Torso2" parent="Armature/Waist Bone (Central)/Abdomen (Upper)" index="0"]
transform = Transform( 0.999858, 0.000378053, 0.0168429, 0.000377984, 0.998993, -0.0448618, -0.0168429, 0.0448618, 0.998851, 6.98492e-10, 0.419716, -1.66533e-16 )

[node name="Head" parent="Armature/Waist Bone (Central)/Abdomen (Upper)/Torso2/Neck" index="0"]
transform = Transform( 0.999858, 0.00037799, 0.0168427, 0.00401188, 0.965645, -0.259835, -0.0163623, 0.259866, 0.965506, -7.45057e-09, 0.218766, -5.1566e-08 )

[node name="Left Bicep2" parent="Armature/Waist Bone (Central)/Abdomen (Upper)/Torso2" index="1"]
transform = Transform( -0.947302, 0.257326, -0.190805, -0.320348, -0.759656, 0.565951, 0.000687638, 0.597249, 0.802055, 0.610618, 1.1856, 0.05998 )

[node name="Left Forearm2" parent="Armature/Waist Bone (Central)/Abdomen (Upper)/Torso2/Left Bicep2" index="0"]
transform = Transform( 0.956471, 0.285546, -0.0602244, -0.288032, 0.956886, -0.037504, 0.0469188, 0.053218, 0.99748, 3.65283e-08, 1.10002, 1.58836e-08 )

[node name="Left Hand2" parent="Armature/Waist Bone (Central)/Abdomen (Upper)/Torso2/Left Bicep2/Left Forearm2" index="0"]
transform = Transform( 0.999927, 0.00502819, 0.010969, -0.00355527, 0.991457, -0.130388, -0.0115309, 0.13034, 0.991402, -4.40034e-08, 0.886493, -9.43814e-10 )

[node name="Right Bicep2" parent="Armature/Waist Bone (Central)/Abdomen (Upper)/Torso2" index="2"]
transform = Transform( -0.510109, -0.736224, -0.444706, 0.153933, -0.586831, 0.794943, -0.846223, 0.337053, 0.412677, -0.577351, 1.1856, 0.0599799 )

[node name="Right Forearm2" parent="Armature/Waist Bone (Central)/Abdomen (Upper)/Torso2/Right Bicep2" index="0"]
transform = Transform( 0.605157, -0.262196, 0.75169, 0.205986, 0.963624, 0.170289, -0.768996, 0.0517861, 0.637153, 1.2621e-07, 1.12173, 2.39997e-07 )

[node name="Right Hand2" parent="Armature/Waist Bone (Central)/Abdomen (Upper)/Torso2/Right Bicep2/Right Forearm2" index="0"]
transform = Transform( 0.849888, -0.433921, -0.299003, 0.45468, 0.890655, -0.000155814, 0.266376, -0.135818, 0.954252, 7.93808e-08, 0.878599, -2.25915e-07 )

[node name="Left Quad (Lower Left)" parent="Armature/Waist Bone (Central)" index="1"]
transform = Transform( -0.992673, 0.115899, 0.034192, -0.118329, -0.989695, -0.0806312, 0.0244946, -0.0840862, 0.996158, 0.277991, -0.275436, -0.00243446 )

[node name="Left Shin2" parent="Armature/Waist Bone (Central)/Left Quad (Lower Left)" index="0"]
transform = Transform( 0.993148, 0.115992, -0.0142693, -0.116618, 0.991578, -0.0563387, 0.00761435, 0.0576167, 0.99831, -2.52784e-08, 1.08976, 1.94512e-08 )

[node name="Left Foot2" parent="Armature/Waist Bone (Central)/Left Quad (Lower Left)/Left Shin2" index="0"]
transform = Transform( 0.999708, 0.0169124, -0.017282, -0.0229658, 0.440415, -0.8975, -0.00756767, 0.897635, 0.440675, -1.01304e-09, 1.24795, -2.88987e-08 )

[node name="Right Quad (Lower Right)" parent="Armature/Waist Bone (Central)" index="2"]
transform = Transform( -0.992658, -0.12045, -0.00970443, 0.120659, -0.992374, -0.0252058, -0.00659431, -0.0261922, 0.999629, -0.297673, -0.275436, -0.00243449 )

[node name="Right Shin2" parent="Armature/Waist Bone (Central)/Right Quad (Lower Right)" index="0"]
transform = Transform( 0.993184, -0.115416, -0.01624, 0.116114, 0.991875, 0.0519809, 0.0101086, -0.0535123, 0.998516, -8.932e-08, 1.08976, -2.17277e-09 )

[node name="Right Foot2" parent="Armature/Waist Bone (Central)/Right Quad (Lower Right)/Right Shin2" index="0"]
transform = Transform( 0.999846, -0.010874, -0.0137365, -0.00781339, 0.425004, -0.905158, 0.0156807, 0.905126, 0.424854, 6.73022e-09, 1.24795, -5.85318e-08 )

[node name="SightRange" type="Area" parent="." index="1"]
transform = Transform( 1, 0, 0, 0, 1, 0, 0, 0, 1, 0, 4.47585, 0 )

[node name="CollisionShape" type="CollisionShape" parent="SightRange" index="0"]
transform = Transform( 1, 0, 0, 0, 1, 0, 0, 0, 1, 0, 0, 4.53719 )
shape = SubResource( 1 )

[node name="RayCast" type="RayCast" parent="." index="2"]
transform = Transform( 0.999999, 0, 0, 0, 1, 0, 0, 0, 1, 0, 4.39414, 0 )
enabled = true
cast_to = Vector3( 0, 0, 6.5 )

[node name="Eyes" type="Spatial" parent="." index="3"]

[node name="StabTimer" type="Timer" parent="." index="4"]

[node name="Cube2" parent="." index="5"]
transform = Transform( 0.119594, -3.51323e-09, -3.15458e-08, 2.85135e-08, 0.0147355, 0.132313, -2.5493e-15, -0.234031, 0.00833095, 0.00563605, 0.0894466, 0.0780967 )
visible = false
mesh = null

[node name="Cube0012" parent="." index="6"]
visible = false
mesh = null

[connection signal="body_entered" from="SightRange" to="." method="_on_SightRange_body_entered"]
[connection signal="body_exited" from="SightRange" to="." method="_on_SightRange_body_exited"]
[connection signal="timeout" from="StabTimer" to="." method="_on_StabTimer_timeout"]
