[gd_scene load_steps=2 format=2]

[ext_resource path="res://Models/EnemyStabby.glb" type="PackedScene" id=1]

[node name="EnemyStabby" instance=ExtResource( 1 )]

[node name="Waist Bone (Central)" parent="Armature" index="0"]
transform = Transform( 0.999858, 0.000378043, 0.0168427, 0.000377983, 0.998993, -0.0448617, -0.0168427, 0.0448617, 0.998851, -0.000932147, 0.00248285, 0.000232364 )

[node name="Abdomen (Upper)" parent="Armature/Waist Bone (Central)" index="0"]
transform = Transform( 0.999858, 0.000378043, 0.0168427, 0.000377984, 0.998993, -0.0448618, -0.0168427, 0.0448618, 0.998851, 1.16415e-10, 0.416896, 1.84809e-09 )

[node name="Torso2" parent="Armature/Waist Bone (Central)/Abdomen (Upper)" index="0"]
transform = Transform( 0.999858, 0.000378053, 0.0168429, 0.000377984, 0.998993, -0.0448618, -0.0168429, 0.0448618, 0.998851, 5.82077e-10, 0.419716, 1.86265e-09 )

[node name="Neck" parent="Armature/Waist Bone (Central)/Abdomen (Upper)/Torso2" index="0"]
transform = Transform( 0.999858, 0.000378043, 0.0168427, 0.000377984, 0.998993, -0.0448618, -0.0168427, 0.0448618, 0.998851, -9.16771e-10, 1.37641, -2.23517e-08 )

[node name="Head" parent="Armature/Waist Bone (Central)/Abdomen (Upper)/Torso2/Neck" index="0"]
transform = Transform( 0.999858, 0.00037799, 0.0168427, 0.00401188, 0.965645, -0.259835, -0.0163623, 0.259866, 0.965506, 3.72529e-09, 0.218767, 2.10226e-17 )

[node name="Left Bicep2" parent="Armature/Waist Bone (Central)/Abdomen (Upper)/Torso2" index="1"]
transform = Transform( -0.947302, 0.257326, -0.190805, -0.268645, -0.962582, 0.0355832, -0.174509, 0.0849665, 0.980983, 0.610618, 1.1856, 0.0599802 )

[node name="Left Forearm2" parent="Armature/Waist Bone (Central)/Abdomen (Upper)/Torso2/Left Bicep2" index="0"]
transform = Transform( 0.956469, 0.285554, -0.0602191, -0.288039, 0.956884, -0.0374956, 0.0469157, 0.0532088, 0.997481, -5.88944e-08, 1.10002, -1.34461e-09 )

[node name="Left Hand2" parent="Armature/Waist Bone (Central)/Abdomen (Upper)/Torso2/Left Bicep2/Left Forearm2" index="0"]
transform = Transform( 0.999927, 0.00502819, 0.010969, -0.00355527, 0.991457, -0.130388, -0.0115309, 0.13034, 0.991402, -4.43713e-08, 0.886493, -1.3074e-12 )

[node name="Right Bicep2" parent="Armature/Waist Bone (Central)/Abdomen (Upper)/Torso2" index="2"]
transform = Transform( -0.936237, -0.351317, 0.0060493, 0.35102, -0.934399, 0.0607006, -0.0156727, 0.0589536, 0.998138, -0.577351, 1.1856, 0.0599799 )

[node name="Right Forearm2" parent="Armature/Waist Bone (Central)/Abdomen (Upper)/Torso2/Right Bicep2" index="0"]
transform = Transform( 0.605157, -0.262196, 0.75169, 0.205986, 0.963624, 0.170289, -0.768996, 0.0517861, 0.637153, 7.33034e-09, 1.12173, -9.28253e-10 )

[node name="Right Hand2" parent="Armature/Waist Bone (Central)/Abdomen (Upper)/Torso2/Right Bicep2/Right Forearm2" index="0"]
transform = Transform( 0.849888, -0.433921, -0.299003, 0.45468, 0.890655, -0.000155881, 0.266376, -0.135818, 0.954252, 8.14887e-08, 0.878599, -6.61219e-08 )

[node name="Left Quad (Lower Left)" parent="Armature/Waist Bone (Central)" index="1"]
transform = Transform( -0.992673, 0.115899, 0.034192, -0.118329, -0.989695, -0.0806312, 0.0244946, -0.0840862, 0.996158, 0.277991, -0.275436, -0.00243448 )

[node name="Left Shin2" parent="Armature/Waist Bone (Central)/Left Quad (Lower Left)" index="0"]
transform = Transform( 0.993148, 0.115992, -0.0142693, -0.116618, 0.991578, -0.0563387, 0.00761435, 0.0576167, 0.99831, -5.48779e-08, 1.08976, 1.91725e-08 )

[node name="Left Foot2" parent="Armature/Waist Bone (Central)/Left Quad (Lower Left)/Left Shin2" index="0"]
transform = Transform( 0.999708, 0.0169124, -0.017282, -0.0229658, 0.440415, -0.8975, -0.00756767, 0.897635, 0.440675, -2.39739e-08, 1.24795, 5.35059e-09 )

[node name="Right Quad (Lower Right)" parent="Armature/Waist Bone (Central)" index="2"]
transform = Transform( -0.992658, -0.12045, -0.00970443, 0.120659, -0.992374, -0.0252058, -0.00659431, -0.0261922, 0.999629, -0.297674, -0.275436, -0.00243449 )

[node name="Right Shin2" parent="Armature/Waist Bone (Central)/Right Quad (Lower Right)" index="0"]
transform = Transform( 0.993184, -0.115416, -0.01624, 0.116114, 0.991875, 0.0519809, 0.0101086, -0.0535123, 0.998516, -5.93583e-08, 1.08976, -1.6653e-08 )

[node name="Right Foot2" parent="Armature/Waist Bone (Central)/Right Quad (Lower Right)/Right Shin2" index="0"]
transform = Transform( 0.999846, -0.010874, -0.0137365, -0.00781339, 0.425004, -0.905158, 0.0156807, 0.905126, 0.424854, -2.242e-08, 1.24795, -1.13012e-07 )

[node name="Cube2" parent="." index="1"]
visible = false

[node name="Cube0012" parent="." index="2"]
transform = Transform( 0.327693, 9.38626e-09, -7.75622e-08, 7.81281e-08, -0.0393688, 0.325319, 2.3284e-15, -0.32532, -0.0393688, -0.00699533, 0.0184791, 0.19023 )
visible = false
