[gd_scene load_steps=4 format=2]

[ext_resource path="res://Codes/StabbyStateMachine.gd" type="Script" id=1]
[ext_resource path="res://Models/EnemyStabby.glb" type="PackedScene" id=2]

[sub_resource type="BoxShape" id=1]
extents = Vector3( 2.90913, 1, 7.28757 )

[node name="EnemyStabby" groups=[
"Enemy",
] instance=ExtResource( 2 )]
transform = Transform( 0.2, 0, 0, 0, 0.2, 0, 0, 0, 0.2, 0, 0, 0 )
script = ExtResource( 1 )

[node name="Waist Bone (Central)" parent="Armature" index="0"]
transform = Transform( 1, 0, 0, 0, 1, 5.96046e-08, 0, -5.96046e-08, 1, 0, 1.62864, 0 )

[node name="Abdomen (Upper)" parent="Armature/Waist Bone (Central)" index="0"]
transform = Transform( 1, 0, 0, 0, 0.942171, -0.335134, 0, 0.335134, 0.942171, 0, 0.416896, 0 )

[node name="Torso2" parent="Armature/Waist Bone (Central)/Abdomen (Upper)" index="0"]
transform = Transform( 1, 3.55271e-15, 2.38419e-07, -1.48231e-21, 1, -1.49012e-08, -2.38419e-07, 1.49012e-08, 1, -1.42109e-14, 0.419716, 3.38813e-21 )

[node name="Neck" parent="Armature/Waist Bone (Central)/Abdomen (Upper)/Torso2" index="0"]
transform = Transform( 1, 3.55271e-15, 1.42109e-14, -3.55271e-15, 1, 2.52436e-29, -1.42109e-14, -7.57306e-29, 1, 1.42109e-14, 1.37641, -4.03897e-28 )

[node name="Head" parent="Armature/Waist Bone (Central)/Abdomen (Upper)/Torso2/Neck" index="0"]
transform = Transform( 1, -5.1566e-08, 5.64324e-09, 5.1566e-08, 0.976331, -0.216284, 5.64321e-09, 0.216284, 0.976331, 4.0716e-14, 0.218766, -5.1566e-08 )

[node name="Left Bicep2" parent="Armature/Waist Bone (Central)/Abdomen (Upper)/Torso2" index="1"]
transform = Transform( -0.947302, 0.320348, 8.00937e-07, -0.317678, -0.939402, -0.128863, -0.0412803, -0.122072, 0.991662, 0.610618, 1.18825, 0.0597479 )

[node name="Left Forearm2" parent="Armature/Waist Bone (Central)/Abdomen (Upper)/Torso2/Left Bicep2" index="0"]
transform = Transform( 0.949371, 0.304191, -0.0784981, -0.314135, 0.916302, -0.248414, -0.00363712, 0.260496, 0.965468, -3.59418e-08, 1.10002, 2.3972e-08 )

[node name="Left Hand2" parent="Armature/Waist Bone (Central)/Abdomen (Upper)/Torso2/Left Bicep2/Left Forearm2" index="0"]
transform = Transform( 0.999972, 0.00277337, -0.00695994, -0.00537646, 0.912601, -0.408816, 0.00521785, 0.408842, 0.91259, -3.76398e-08, 0.886493, -5.68641e-09 )

[node name="Right Bicep2" parent="Armature/Waist Bone (Central)/Abdomen (Upper)/Torso2" index="2"]
transform = Transform( -0.936196, -0.35148, 1.00583e-06, 0.336407, -0.896047, 0.289706, -0.101825, 0.271222, 0.957116, -0.577351, 1.18825, 0.0597473 )

[node name="Right Forearm2" parent="Armature/Waist Bone (Central)/Abdomen (Upper)/Torso2/Right Bicep2" index="0"]
transform = Transform( 0.939833, -0.255107, 0.227229, 0.341292, 0.730792, -0.591153, -0.0152496, 0.633137, 0.773889, -3.78797e-08, 1.12173, -2.0992e-08 )

[node name="Right Hand2" parent="Armature/Waist Bone (Central)/Abdomen (Upper)/Torso2/Right Bicep2/Right Forearm2" index="0"]
transform = Transform( 0.999825, -0.0184965, 0.00271633, 0.018027, 0.915384, -0.402179, 0.00495242, 0.402157, 0.915557, -9.61e-08, 0.878599, 2.2573e-07 )

[node name="Left Quad (Lower Left)" parent="Armature/Waist Bone (Central)" index="1"]
transform = Transform( -0.992674, 0.120448, -0.00969863, -0.0985261, -0.760303, 0.642054, 0.0699603, 0.638304, 0.766599, 0.277991, -0.275436, -0.00243448 )

[node name="Left Shin2" parent="Armature/Waist Bone (Central)/Left Quad (Lower Left)" index="0"]
transform = Transform( 0.993047, 0.0797519, 0.0865916, -0.117546, 0.63156, 0.766365, 0.00643134, -0.771215, 0.636543, -5.49296e-08, 1.08976, 2.68647e-09 )

[node name="Left Foot2" parent="Armature/Waist Bone (Central)/Left Quad (Lower Left)/Left Shin2" index="0"]
transform = Transform( 0.999703, 0.0109538, -0.0217803, -0.0242902, 0.371057, -0.928292, -0.00208662, 0.928545, 0.371212, 2.51399e-08, 1.24795, 6.96637e-09 )

[node name="Right Quad (Lower Right)" parent="Armature/Waist Bone (Central)" index="2"]
transform = Transform( -0.992658, -0.12045, -0.00970267, 0.120792, -0.986863, -0.10728, 0.00334669, -0.107667, 0.994175, -0.297674, -0.275436, -0.00243449 )

[node name="Right Shin2" parent="Armature/Waist Bone (Central)/Right Quad (Lower Right)" index="0"]
transform = Transform( 0.99311, -0.100191, -0.0607804, 0.116595, 0.896792, 0.426813, 0.0117447, -0.430959, 0.902295, -5.94962e-08, 1.08976, -7.13182e-09 )

[node name="Right Foot2" parent="Armature/Waist Bone (Central)/Right Quad (Lower Right)/Right Shin2" index="0"]
transform = Transform( 0.999846, -0.0109082, -0.013751, -0.00766993, 0.43315, -0.901289, 0.0157876, 0.901256, 0.432999, -7.21326e-08, 1.24795, 1.80072e-08 )

[node name="SightRange" type="Area" parent="." index="1"]
transform = Transform( 1, 0, 0, 0, 1, 0, 0, 0, 1, 0, 4.47585, 0 )

[node name="CollisionShape" type="CollisionShape" parent="SightRange" index="0"]
transform = Transform( 1, 0, 0, 0, 1, 0, 0, 0, 1, 0, 0, 4.53719 )
shape = SubResource( 1 )

[node name="RayCast" type="RayCast" parent="." index="2"]
transform = Transform( 0.999999, 0, 0, 0, 1, 0, 0, 0, 1, 0, 4.39414, 0 )
enabled = true
cast_to = Vector3( 0, 0, 6.5 )

[node name="Eyes" type="Spatial" parent="." index="3"]

[node name="StabTimer" type="Timer" parent="." index="4"]

[node name="Cube2" parent="." index="5"]
transform = Transform( 0.119594, -3.51323e-09, -3.15458e-08, 2.85135e-08, 0.0147355, 0.132313, -2.5493e-15, -0.234031, 0.00833095, 0.00563605, 0.0894466, 0.0780967 )
visible = false
mesh = null

[node name="Cube0012" parent="." index="6"]
visible = false
mesh = null

[connection signal="body_entered" from="SightRange" to="." method="_on_SightRange_body_entered"]
[connection signal="body_exited" from="SightRange" to="." method="_on_SightRange_body_exited"]
[connection signal="timeout" from="StabTimer" to="." method="_on_StabTimer_timeout"]
