[gd_scene load_steps=6 format=2]

[ext_resource path="res://Models/Sci Fi Assests/portal.glb" type="PackedScene" id=1]

[sub_resource type="BoxShape" id=1]
extents = Vector3( 1.84969, 0.0332533, 1.68937 )

[sub_resource type="BoxShape" id=2]
extents = Vector3( 1.31856, 0.001, 1.49726 )

[sub_resource type="BoxShape" id=3]
extents = Vector3( 0.850767, 0.269825, 0.001 )

[sub_resource type="BoxShape" id=4]
extents = Vector3( 0.001, 0.627552, 0.979662 )

[node name="Portal" type="StaticBody"]

[node name="portal" parent="." instance=ExtResource( 1 )]

[node name="Base" type="CollisionShape" parent="."]
transform = Transform( 1, 0, 0, 0, 1, 0, 0, 0, 1, 0, 0.0319293, 0 )
shape = SubResource( 1 )

[node name="FrontSide" type="CollisionShape" parent="."]
transform = Transform( 0.943367, 0.33175, 0, -0.33175, 0.943367, 0, 0, 0, 1, 0.594512, 0.466175, 0 )
shape = SubResource( 2 )

[node name="RightSide" type="CollisionShape" parent="."]
transform = Transform( 1, 0, 0, 0, 0.63702, -0.770847, 0, 0.770847, 0.63702, -0.299541, 0.368518, -1.17214 )
shape = SubResource( 3 )

[node name="LeftSide" type="CollisionShape" parent="."]
transform = Transform( 1, 0, 0, 0, 0.636078, 0.771625, 0, -0.771625, 0.636078, -0.378915, 0.342168, 1.16175 )
shape = SubResource( 3 )

[node name="Backside" type="CollisionShape" parent="."]
transform = Transform( 0.707107, 0.707107, 0, -0.707107, 0.707107, 0, 0, 0, 1, -1.09236, 0.354966, 0 )
shape = SubResource( 4 )
