[gd_scene load_steps=5 format=2]

[ext_resource path="res://Models/Sci Fi Assests/stair.glb" type="PackedScene" id=1]

[sub_resource type="BoxShape" id=1]
extents = Vector3( 1.69421, 1, 3.3142 )

[sub_resource type="BoxShape" id=2]
extents = Vector3( 0.239952, 1, 3.17907 )

[sub_resource type="BoxShape" id=3]
extents = Vector3( 2.98017, 0.0627641, 3.44239 )

[node name="Stairs" type="StaticBody"]

[node name="Upwards" type="CollisionShape" parent="."]
transform = Transform( 1, 0, 0, 0, 0.934788, 0.355205, 0, -0.355205, 0.934788, 0, 0.185069, -0.15997 )
shape = SubResource( 1 )

[node name="Right Rail" type="CollisionShape" parent="."]
transform = Transform( 1, 0, 0, 0, 0.939693, 0.34202, 0, -0.34202, 0.939693, -1.8709, 0.933586, 0 )
shape = SubResource( 2 )

[node name="Left Rail" type="CollisionShape" parent="."]
transform = Transform( 1, 0, 0, 0, 0.939693, 0.34202, 0, -0.34202, 0.939693, 1.85295, 0.933586, 0 )
shape = SubResource( 2 )

[node name="Floor" type="CollisionShape" parent="."]
transform = Transform( 1, 0, 0, 0, 1, 0, 0, 0, 1, 0, 0, -0.518436 )
shape = SubResource( 3 )

[node name="stair" parent="." instance=ExtResource( 1 )]
